(kicad_pcb (version 20171130) (host pcbnew "(5.1.10)-1")

  (general
    (thickness 1.6)
    (drawings 112)
    (tracks 276)
    (zones 0)
    (modules 48)
    (nets 5)
  )

  (page A4)
  (layers
    (0 F.Cu signal)
    (31 B.Cu signal)
    (32 B.Adhes user)
    (33 F.Adhes user)
    (34 B.Paste user)
    (35 F.Paste user)
    (36 B.SilkS user)
    (37 F.SilkS user)
    (38 B.Mask user)
    (39 F.Mask user)
    (40 Dwgs.User user)
    (41 Cmts.User user)
    (42 Eco1.User user)
    (43 Eco2.User user)
    (44 Edge.Cuts user)
    (45 Margin user)
    (46 B.CrtYd user)
    (47 F.CrtYd user)
    (48 B.Fab user)
    (49 F.Fab user)
  )

  (setup
    (last_trace_width 0.25)
    (trace_clearance 0.2)
    (zone_clearance 0.2)
    (zone_45_only no)
    (trace_min 0.2)
    (via_size 0.8)
    (via_drill 0.4)
    (via_min_size 0.4)
    (via_min_drill 0.3)
    (uvia_size 0.3)
    (uvia_drill 0.1)
    (uvias_allowed no)
    (uvia_min_size 0.2)
    (uvia_min_drill 0.1)
    (edge_width 0.05)
    (segment_width 0.2)
    (pcb_text_width 0.3)
    (pcb_text_size 1.5 1.5)
    (mod_edge_width 0.12)
    (mod_text_size 1 1)
    (mod_text_width 0.15)
    (pad_size 1.524 1.524)
    (pad_drill 0.762)
    (pad_to_mask_clearance 0)
    (aux_axis_origin 0 0)
    (visible_elements 7FFFFFFF)
    (pcbplotparams
      (layerselection 0x010fc_ffffffff)
      (usegerberextensions false)
      (usegerberattributes true)
      (usegerberadvancedattributes true)
      (creategerberjobfile true)
      (excludeedgelayer true)
      (linewidth 0.100000)
      (plotframeref false)
      (viasonmask false)
      (mode 1)
      (useauxorigin false)
      (hpglpennumber 1)
      (hpglpenspeed 20)
      (hpglpendiameter 15.000000)
      (psnegative false)
      (psa4output false)
      (plotreference true)
      (plotvalue true)
      (plotinvisibletext false)
      (padsonsilk false)
      (subtractmaskfromsilk false)
      (outputformat 1)
      (mirror false)
      (drillshape 0)
      (scaleselection 1)
      (outputdirectory "gerbers/"))
  )

  (net 0 "")
  (net 1 +5V)
  (net 2 "Net-(R1-Pad1)")
  (net 3 OUT)
  (net 4 GND)

  (net_class Default "This is the default net class."
    (clearance 0.2)
    (trace_width 0.25)
    (via_dia 0.8)
    (via_drill 0.4)
    (uvia_dia 0.3)
    (uvia_drill 0.1)
    (add_net +5V)
    (add_net GND)
    (add_net "Net-(R1-Pad1)")
    (add_net OUT)
  )

  (module KSI_rotator_endstop:Vishay-TCST2300 (layer F.Cu) (tedit 615F0AAF) (tstamp 615F1D91)
    (at 109.7 88.5 180)
    (path /615F7E81)
    (fp_text reference U2 (at -11.675 -4.225) (layer F.SilkS) hide
      (effects (font (size 1 1) (thickness 0.15)) (justify right))
    )
    (fp_text value TCST2103 (at 0 0) (layer F.SilkS) hide
      (effects (font (size 1.27 1.27) (thickness 0.15)))
    )
    (fp_circle (center -3.924999 -4) (end -3.799999 -4) (layer F.SilkS) (width 0.25))
    (fp_line (start 12.3 3.175) (end -12.3 3.175) (layer F.SilkS) (width 0.15))
    (fp_line (start 12.3 -3.175) (end 12.3 3.175) (layer F.SilkS) (width 0.15))
    (fp_line (start -12.3 -3.175) (end 12.3 -3.175) (layer F.SilkS) (width 0.15))
    (fp_line (start -12.3 3.175) (end -12.3 -3.175) (layer F.SilkS) (width 0.15))
    (fp_line (start 12.325 3.2) (end 12.325 -3.2) (layer F.CrtYd) (width 0.15))
    (fp_line (start -12.325 3.2) (end 12.325 3.2) (layer F.CrtYd) (width 0.15))
    (fp_line (start -12.325 -3.2) (end -12.325 3.2) (layer F.CrtYd) (width 0.15))
    (fp_line (start 12.325 -3.2) (end -12.325 -3.2) (layer F.CrtYd) (width 0.15))
    (fp_line (start 12.325 -3.2) (end 12.325 -3.2) (layer F.CrtYd) (width 0.15))
    (fp_line (start 12.3 3.175) (end -12.3 3.175) (layer F.Fab) (width 0.15))
    (fp_line (start 12.3 -3.175) (end 12.3 3.175) (layer F.Fab) (width 0.15))
    (fp_line (start -12.3 -3.175) (end 12.3 -3.175) (layer F.Fab) (width 0.15))
    (fp_line (start -12.3 3.175) (end -12.3 -3.175) (layer F.Fab) (width 0.15))
    (pad ~ np_thru_hole circle (at 9.5 0 180) (size 3.3 3.3) (drill 3.3) (layers *.Cu *.Mask))
    (pad ~ np_thru_hole circle (at -9.5 0 180) (size 3.3 3.3) (drill 3.3) (layers *.Cu *.Mask))
    (pad 4 thru_hole circle (at 3.8 1.27 180) (size 1.3 1.3) (drill 0.8) (layers *.Cu *.Mask))
    (pad 2 thru_hole circle (at 3.8 -1.27 180) (size 1.3 1.3) (drill 0.8) (layers *.Cu *.Mask))
    (pad 3 thru_hole circle (at -3.8 1.27 180) (size 1.3 1.3) (drill 0.8) (layers *.Cu *.Mask))
    (pad 1 thru_hole rect (at -3.8 -1.27 180) (size 1.3 1.3) (drill 0.8) (layers *.Cu *.Mask))
    (model ${KIPRJMOD}/libs/Vishay_-_TCST2103.step
      (at (xyz 0 0 0))
      (scale (xyz 1 1 1))
      (rotate (xyz 0 0 0))
    )
  )

  (module Resistor_SMD:R_0603_1608Metric_Pad0.98x0.95mm_HandSolder (layer F.Cu) (tedit 5F68FEEE) (tstamp 615F1D81)
    (at 101.5 84.5 180)
    (descr "Resistor SMD 0603 (1608 Metric), square (rectangular) end terminal, IPC_7351 nominal with elongated pad for handsoldering. (Body size source: IPC-SM-782 page 72, https://www.pcb-3d.com/wordpress/wp-content/uploads/ipc-sm-782a_amendment_1_and_2.pdf), generated with kicad-footprint-generator")
    (tags "resistor handsolder")
    (path /615F7E9F)
    (attr smd)
    (fp_text reference R4 (at 0 -1.43) (layer F.SilkS) hide
      (effects (font (size 1 1) (thickness 0.15)))
    )
    (fp_text value 10k (at 0 1.43) (layer F.Fab)
      (effects (font (size 1 1) (thickness 0.15)))
    )
    (fp_line (start 1.65 0.73) (end -1.65 0.73) (layer F.CrtYd) (width 0.05))
    (fp_line (start 1.65 -0.73) (end 1.65 0.73) (layer F.CrtYd) (width 0.05))
    (fp_line (start -1.65 -0.73) (end 1.65 -0.73) (layer F.CrtYd) (width 0.05))
    (fp_line (start -1.65 0.73) (end -1.65 -0.73) (layer F.CrtYd) (width 0.05))
    (fp_line (start -0.254724 0.5225) (end 0.254724 0.5225) (layer F.SilkS) (width 0.12))
    (fp_line (start -0.254724 -0.5225) (end 0.254724 -0.5225) (layer F.SilkS) (width 0.12))
    (fp_line (start 0.8 0.4125) (end -0.8 0.4125) (layer F.Fab) (width 0.1))
    (fp_line (start 0.8 -0.4125) (end 0.8 0.4125) (layer F.Fab) (width 0.1))
    (fp_line (start -0.8 -0.4125) (end 0.8 -0.4125) (layer F.Fab) (width 0.1))
    (fp_line (start -0.8 0.4125) (end -0.8 -0.4125) (layer F.Fab) (width 0.1))
    (fp_text user %R (at 0 0) (layer F.Fab)
      (effects (font (size 0.4 0.4) (thickness 0.06)))
    )
    (pad 2 smd roundrect (at 0.9125 0 180) (size 0.975 0.95) (layers F.Cu F.Paste F.Mask) (roundrect_rratio 0.25))
    (pad 1 smd roundrect (at -0.9125 0 180) (size 0.975 0.95) (layers F.Cu F.Paste F.Mask) (roundrect_rratio 0.25))
    (model ${KISYS3DMOD}/Resistor_SMD.3dshapes/R_0603_1608Metric.wrl
      (at (xyz 0 0 0))
      (scale (xyz 1 1 1))
      (rotate (xyz 0 0 0))
    )
  )

  (module Connector_PinHeader_2.54mm:PinHeader_1x03_P2.54mm_Vertical (layer F.Cu) (tedit 59FED5CC) (tstamp 615F1D6B)
    (at 95.7 91 180)
    (descr "Through hole straight pin header, 1x03, 2.54mm pitch, single row")
    (tags "Through hole pin header THT 1x03 2.54mm single row")
    (path /615F7EB3)
    (fp_text reference J2 (at 0 -2.33) (layer F.SilkS) hide
      (effects (font (size 1 1) (thickness 0.15)))
    )
    (fp_text value Conn_01x03 (at 0 7.41) (layer F.Fab)
      (effects (font (size 1 1) (thickness 0.15)))
    )
    (fp_line (start 1.8 -1.8) (end -1.8 -1.8) (layer F.CrtYd) (width 0.05))
    (fp_line (start 1.8 6.85) (end 1.8 -1.8) (layer F.CrtYd) (width 0.05))
    (fp_line (start -1.8 6.85) (end 1.8 6.85) (layer F.CrtYd) (width 0.05))
    (fp_line (start -1.8 -1.8) (end -1.8 6.85) (layer F.CrtYd) (width 0.05))
    (fp_line (start -1.33 -1.33) (end 0 -1.33) (layer F.SilkS) (width 0.12))
    (fp_line (start -1.33 0) (end -1.33 -1.33) (layer F.SilkS) (width 0.12))
    (fp_line (start -1.33 1.27) (end 1.33 1.27) (layer F.SilkS) (width 0.12))
    (fp_line (start 1.33 1.27) (end 1.33 6.41) (layer F.SilkS) (width 0.12))
    (fp_line (start -1.33 1.27) (end -1.33 6.41) (layer F.SilkS) (width 0.12))
    (fp_line (start -1.33 6.41) (end 1.33 6.41) (layer F.SilkS) (width 0.12))
    (fp_line (start -1.27 -0.635) (end -0.635 -1.27) (layer F.Fab) (width 0.1))
    (fp_line (start -1.27 6.35) (end -1.27 -0.635) (layer F.Fab) (width 0.1))
    (fp_line (start 1.27 6.35) (end -1.27 6.35) (layer F.Fab) (width 0.1))
    (fp_line (start 1.27 -1.27) (end 1.27 6.35) (layer F.Fab) (width 0.1))
    (fp_line (start -0.635 -1.27) (end 1.27 -1.27) (layer F.Fab) (width 0.1))
    (fp_text user %R (at 0 2.54 90) (layer F.Fab)
      (effects (font (size 1 1) (thickness 0.15)))
    )
    (pad 3 thru_hole oval (at 0 5.08 180) (size 1.7 1.7) (drill 1) (layers *.Cu *.Mask))
    (pad 2 thru_hole oval (at 0 2.54 180) (size 1.7 1.7) (drill 1) (layers *.Cu *.Mask))
    (pad 1 thru_hole rect (at 0 0 180) (size 1.7 1.7) (drill 1) (layers *.Cu *.Mask))
    (model ${KISYS3DMOD}/Connector_PinHeader_2.54mm.3dshapes/PinHeader_1x03_P2.54mm_Vertical.wrl
      (at (xyz 0 0 0))
      (scale (xyz 1 1 1))
      (rotate (xyz 0 0 0))
    )
  )

  (module Resistor_SMD:R_0603_1608Metric_Pad0.98x0.95mm_HandSolder (layer F.Cu) (tedit 5F68FEEE) (tstamp 615F1D5B)
    (at 111.1 92.5 180)
    (descr "Resistor SMD 0603 (1608 Metric), square (rectangular) end terminal, IPC_7351 nominal with elongated pad for handsoldering. (Body size source: IPC-SM-782 page 72, https://www.pcb-3d.com/wordpress/wp-content/uploads/ipc-sm-782a_amendment_1_and_2.pdf), generated with kicad-footprint-generator")
    (tags "resistor handsolder")
    (path /615F7E87)
    (attr smd)
    (fp_text reference R3 (at 0 -1.43) (layer F.SilkS) hide
      (effects (font (size 1 1) (thickness 0.15)))
    )
    (fp_text value 330 (at 0 1.43) (layer F.Fab)
      (effects (font (size 1 1) (thickness 0.15)))
    )
    (fp_line (start 1.65 0.73) (end -1.65 0.73) (layer F.CrtYd) (width 0.05))
    (fp_line (start 1.65 -0.73) (end 1.65 0.73) (layer F.CrtYd) (width 0.05))
    (fp_line (start -1.65 -0.73) (end 1.65 -0.73) (layer F.CrtYd) (width 0.05))
    (fp_line (start -1.65 0.73) (end -1.65 -0.73) (layer F.CrtYd) (width 0.05))
    (fp_line (start -0.254724 0.5225) (end 0.254724 0.5225) (layer F.SilkS) (width 0.12))
    (fp_line (start -0.254724 -0.5225) (end 0.254724 -0.5225) (layer F.SilkS) (width 0.12))
    (fp_line (start 0.8 0.4125) (end -0.8 0.4125) (layer F.Fab) (width 0.1))
    (fp_line (start 0.8 -0.4125) (end 0.8 0.4125) (layer F.Fab) (width 0.1))
    (fp_line (start -0.8 -0.4125) (end 0.8 -0.4125) (layer F.Fab) (width 0.1))
    (fp_line (start -0.8 0.4125) (end -0.8 -0.4125) (layer F.Fab) (width 0.1))
    (fp_text user %R (at 0 0) (layer F.Fab)
      (effects (font (size 0.4 0.4) (thickness 0.06)))
    )
    (pad 2 smd roundrect (at 0.9125 0 180) (size 0.975 0.95) (layers F.Cu F.Paste F.Mask) (roundrect_rratio 0.25))
    (pad 1 smd roundrect (at -0.9125 0 180) (size 0.975 0.95) (layers F.Cu F.Paste F.Mask) (roundrect_rratio 0.25))
    (model ${KISYS3DMOD}/Resistor_SMD.3dshapes/R_0603_1608Metric.wrl
      (at (xyz 0 0 0))
      (scale (xyz 1 1 1))
      (rotate (xyz 0 0 0))
    )
  )

  (module Connector_PinHeader_2.54mm:PinHeader_1x03_P2.54mm_Vertical (layer F.Cu) (tedit 59FED5CC) (tstamp 615F2FD0)
    (at 152.2 151)
    (descr "Through hole straight pin header, 1x03, 2.54mm pitch, single row")
    (tags "Through hole pin header THT 1x03 2.54mm single row")
    (path /61AD37E3)
    (fp_text reference J1 (at 0 -2.33) (layer F.SilkS) hide
      (effects (font (size 1 1) (thickness 0.15)))
    )
    (fp_text value Conn_01x03 (at 0 7.41) (layer F.Fab)
      (effects (font (size 1 1) (thickness 0.15)))
    )
    (fp_line (start -0.635 -1.27) (end 1.27 -1.27) (layer F.Fab) (width 0.1))
    (fp_line (start 1.27 -1.27) (end 1.27 6.35) (layer F.Fab) (width 0.1))
    (fp_line (start 1.27 6.35) (end -1.27 6.35) (layer F.Fab) (width 0.1))
    (fp_line (start -1.27 6.35) (end -1.27 -0.635) (layer F.Fab) (width 0.1))
    (fp_line (start -1.27 -0.635) (end -0.635 -1.27) (layer F.Fab) (width 0.1))
    (fp_line (start -1.33 6.41) (end 1.33 6.41) (layer F.SilkS) (width 0.12))
    (fp_line (start -1.33 1.27) (end -1.33 6.41) (layer F.SilkS) (width 0.12))
    (fp_line (start 1.33 1.27) (end 1.33 6.41) (layer F.SilkS) (width 0.12))
    (fp_line (start -1.33 1.27) (end 1.33 1.27) (layer F.SilkS) (width 0.12))
    (fp_line (start -1.33 0) (end -1.33 -1.33) (layer F.SilkS) (width 0.12))
    (fp_line (start -1.33 -1.33) (end 0 -1.33) (layer F.SilkS) (width 0.12))
    (fp_line (start -1.8 -1.8) (end -1.8 6.85) (layer F.CrtYd) (width 0.05))
    (fp_line (start -1.8 6.85) (end 1.8 6.85) (layer F.CrtYd) (width 0.05))
    (fp_line (start 1.8 6.85) (end 1.8 -1.8) (layer F.CrtYd) (width 0.05))
    (fp_line (start 1.8 -1.8) (end -1.8 -1.8) (layer F.CrtYd) (width 0.05))
    (fp_text user %R (at 0 2.54 90) (layer F.Fab)
      (effects (font (size 1 1) (thickness 0.15)))
    )
    (pad 1 thru_hole rect (at 0 0) (size 1.7 1.7) (drill 1) (layers *.Cu *.Mask))
    (pad 2 thru_hole oval (at 0 2.54) (size 1.7 1.7) (drill 1) (layers *.Cu *.Mask))
    (pad 3 thru_hole oval (at 0 5.08) (size 1.7 1.7) (drill 1) (layers *.Cu *.Mask))
    (model ${KISYS3DMOD}/Connector_PinHeader_2.54mm.3dshapes/PinHeader_1x03_P2.54mm_Vertical.wrl
      (at (xyz 0 0 0))
      (scale (xyz 1 1 1))
      (rotate (xyz 0 0 0))
    )
  )

  (module Resistor_SMD:R_0603_1608Metric_Pad0.98x0.95mm_HandSolder (layer F.Cu) (tedit 5F68FEEE) (tstamp 615F2DFC)
    (at 136.8 149.5)
    (descr "Resistor SMD 0603 (1608 Metric), square (rectangular) end terminal, IPC_7351 nominal with elongated pad for handsoldering. (Body size source: IPC-SM-782 page 72, https://www.pcb-3d.com/wordpress/wp-content/uploads/ipc-sm-782a_amendment_1_and_2.pdf), generated with kicad-footprint-generator")
    (tags "resistor handsolder")
    (path /61AC88F6)
    (attr smd)
    (fp_text reference R1 (at 0 -1.43) (layer F.SilkS) hide
      (effects (font (size 1 1) (thickness 0.15)))
    )
    (fp_text value 330 (at 0 1.43) (layer F.Fab)
      (effects (font (size 1 1) (thickness 0.15)))
    )
    (fp_line (start -0.8 0.4125) (end -0.8 -0.4125) (layer F.Fab) (width 0.1))
    (fp_line (start -0.8 -0.4125) (end 0.8 -0.4125) (layer F.Fab) (width 0.1))
    (fp_line (start 0.8 -0.4125) (end 0.8 0.4125) (layer F.Fab) (width 0.1))
    (fp_line (start 0.8 0.4125) (end -0.8 0.4125) (layer F.Fab) (width 0.1))
    (fp_line (start -0.254724 -0.5225) (end 0.254724 -0.5225) (layer F.SilkS) (width 0.12))
    (fp_line (start -0.254724 0.5225) (end 0.254724 0.5225) (layer F.SilkS) (width 0.12))
    (fp_line (start -1.65 0.73) (end -1.65 -0.73) (layer F.CrtYd) (width 0.05))
    (fp_line (start -1.65 -0.73) (end 1.65 -0.73) (layer F.CrtYd) (width 0.05))
    (fp_line (start 1.65 -0.73) (end 1.65 0.73) (layer F.CrtYd) (width 0.05))
    (fp_line (start 1.65 0.73) (end -1.65 0.73) (layer F.CrtYd) (width 0.05))
    (fp_text user %R (at 0 0) (layer F.Fab)
      (effects (font (size 0.4 0.4) (thickness 0.06)))
    )
    (pad 1 smd roundrect (at -0.9125 0) (size 0.975 0.95) (layers F.Cu F.Paste F.Mask) (roundrect_rratio 0.25))
    (pad 2 smd roundrect (at 0.9125 0) (size 0.975 0.95) (layers F.Cu F.Paste F.Mask) (roundrect_rratio 0.25))
    (model ${KISYS3DMOD}/Resistor_SMD.3dshapes/R_0603_1608Metric.wrl
      (at (xyz 0 0 0))
      (scale (xyz 1 1 1))
      (rotate (xyz 0 0 0))
    )
  )

  (module Resistor_SMD:R_0603_1608Metric_Pad0.98x0.95mm_HandSolder (layer F.Cu) (tedit 5F68FEEE) (tstamp 615F30B1)
    (at 146.5 157.5)
    (descr "Resistor SMD 0603 (1608 Metric), square (rectangular) end terminal, IPC_7351 nominal with elongated pad for handsoldering. (Body size source: IPC-SM-782 page 72, https://www.pcb-3d.com/wordpress/wp-content/uploads/ipc-sm-782a_amendment_1_and_2.pdf), generated with kicad-footprint-generator")
    (tags "resistor handsolder")
    (path /61ACD0CF)
    (attr smd)
    (fp_text reference R2 (at 0 -1.43) (layer F.SilkS) hide
      (effects (font (size 1 1) (thickness 0.15)))
    )
    (fp_text value 10k (at 0 1.43) (layer F.Fab)
      (effects (font (size 1 1) (thickness 0.15)))
    )
    (fp_line (start -0.8 0.4125) (end -0.8 -0.4125) (layer F.Fab) (width 0.1))
    (fp_line (start -0.8 -0.4125) (end 0.8 -0.4125) (layer F.Fab) (width 0.1))
    (fp_line (start 0.8 -0.4125) (end 0.8 0.4125) (layer F.Fab) (width 0.1))
    (fp_line (start 0.8 0.4125) (end -0.8 0.4125) (layer F.Fab) (width 0.1))
    (fp_line (start -0.254724 -0.5225) (end 0.254724 -0.5225) (layer F.SilkS) (width 0.12))
    (fp_line (start -0.254724 0.5225) (end 0.254724 0.5225) (layer F.SilkS) (width 0.12))
    (fp_line (start -1.65 0.73) (end -1.65 -0.73) (layer F.CrtYd) (width 0.05))
    (fp_line (start -1.65 -0.73) (end 1.65 -0.73) (layer F.CrtYd) (width 0.05))
    (fp_line (start 1.65 -0.73) (end 1.65 0.73) (layer F.CrtYd) (width 0.05))
    (fp_line (start 1.65 0.73) (end -1.65 0.73) (layer F.CrtYd) (width 0.05))
    (fp_text user %R (at 0 0) (layer F.Fab)
      (effects (font (size 0.4 0.4) (thickness 0.06)))
    )
    (pad 1 smd roundrect (at -0.9125 0) (size 0.975 0.95) (layers F.Cu F.Paste F.Mask) (roundrect_rratio 0.25))
    (pad 2 smd roundrect (at 0.9125 0) (size 0.975 0.95) (layers F.Cu F.Paste F.Mask) (roundrect_rratio 0.25))
    (model ${KISYS3DMOD}/Resistor_SMD.3dshapes/R_0603_1608Metric.wrl
      (at (xyz 0 0 0))
      (scale (xyz 1 1 1))
      (rotate (xyz 0 0 0))
    )
  )

  (module KSI_rotator_endstop:Vishay-TCST2300 (layer F.Cu) (tedit 5EF21735) (tstamp 615F2F8C)
    (at 138.2 153.5)
    (path /61AC5883)
    (fp_text reference U1 (at -11.675 -4.225) (layer F.SilkS) hide
      (effects (font (size 1 1) (thickness 0.15)) (justify left))
    )
    (fp_text value TCST2103 (at 0 0) (layer F.SilkS) hide
      (effects (font (size 1.27 1.27) (thickness 0.15)))
    )
    (fp_line (start -12.3 3.175) (end -12.3 -3.175) (layer F.Fab) (width 0.15))
    (fp_line (start -12.3 -3.175) (end 12.3 -3.175) (layer F.Fab) (width 0.15))
    (fp_line (start 12.3 -3.175) (end 12.3 3.175) (layer F.Fab) (width 0.15))
    (fp_line (start 12.3 3.175) (end -12.3 3.175) (layer F.Fab) (width 0.15))
    (fp_line (start 12.325 -3.2) (end 12.325 -3.2) (layer F.CrtYd) (width 0.15))
    (fp_line (start 12.325 -3.2) (end -12.325 -3.2) (layer F.CrtYd) (width 0.15))
    (fp_line (start -12.325 -3.2) (end -12.325 3.2) (layer F.CrtYd) (width 0.15))
    (fp_line (start -12.325 3.2) (end 12.325 3.2) (layer F.CrtYd) (width 0.15))
    (fp_line (start 12.325 3.2) (end 12.325 -3.2) (layer F.CrtYd) (width 0.15))
    (fp_line (start -12.3 3.175) (end -12.3 -3.175) (layer F.SilkS) (width 0.15))
    (fp_line (start -12.3 -3.175) (end 12.3 -3.175) (layer F.SilkS) (width 0.15))
    (fp_line (start 12.3 -3.175) (end 12.3 3.175) (layer F.SilkS) (width 0.15))
    (fp_line (start 12.3 3.175) (end -12.3 3.175) (layer F.SilkS) (width 0.15))
    (fp_circle (center -3.924999 -4) (end -3.799999 -4) (layer F.SilkS) (width 0.25))
    (pad 1 thru_hole rect (at -3.8 -1.27) (size 1.3 1.3) (drill 0.8) (layers *.Cu))
    (pad 3 thru_hole circle (at -3.8 1.27) (size 1.3 1.3) (drill 0.8) (layers *.Cu))
    (pad 2 thru_hole circle (at 3.8 -1.27) (size 1.3 1.3) (drill 0.8) (layers *.Cu))
    (pad 4 thru_hole circle (at 3.8 1.27) (size 1.3 1.3) (drill 0.8) (layers *.Cu))
    (pad ~ np_thru_hole circle (at -9.5 0) (size 3.3 3.3) (drill 3.3) (layers *.Cu *.Mask))
    (pad ~ np_thru_hole circle (at 9.5 0) (size 3.3 3.3) (drill 3.3) (layers *.Cu *.Mask))
    (model ${KIPRJMOD}/libs/Vishay_-_TCST2103.step
      (at (xyz 0 0 0))
      (scale (xyz 1 1 1))
      (rotate (xyz 0 0 0))
    )
  )

  (module Resistor_SMD:R_0603_1608Metric_Pad0.98x0.95mm_HandSolder (layer F.Cu) (tedit 5F68FEEE) (tstamp 615F2F55)
    (at 101.5 149.5 180)
    (descr "Resistor SMD 0603 (1608 Metric), square (rectangular) end terminal, IPC_7351 nominal with elongated pad for handsoldering. (Body size source: IPC-SM-782 page 72, https://www.pcb-3d.com/wordpress/wp-content/uploads/ipc-sm-782a_amendment_1_and_2.pdf), generated with kicad-footprint-generator")
    (tags "resistor handsolder")
    (path /615F7E9F)
    (attr smd)
    (fp_text reference R4 (at 0 -1.43) (layer F.SilkS) hide
      (effects (font (size 1 1) (thickness 0.15)))
    )
    (fp_text value 10k (at 0 1.43) (layer F.Fab)
      (effects (font (size 1 1) (thickness 0.15)))
    )
    (fp_line (start 1.65 0.73) (end -1.65 0.73) (layer F.CrtYd) (width 0.05))
    (fp_line (start 1.65 -0.73) (end 1.65 0.73) (layer F.CrtYd) (width 0.05))
    (fp_line (start -1.65 -0.73) (end 1.65 -0.73) (layer F.CrtYd) (width 0.05))
    (fp_line (start -1.65 0.73) (end -1.65 -0.73) (layer F.CrtYd) (width 0.05))
    (fp_line (start -0.254724 0.5225) (end 0.254724 0.5225) (layer F.SilkS) (width 0.12))
    (fp_line (start -0.254724 -0.5225) (end 0.254724 -0.5225) (layer F.SilkS) (width 0.12))
    (fp_line (start 0.8 0.4125) (end -0.8 0.4125) (layer F.Fab) (width 0.1))
    (fp_line (start 0.8 -0.4125) (end 0.8 0.4125) (layer F.Fab) (width 0.1))
    (fp_line (start -0.8 -0.4125) (end 0.8 -0.4125) (layer F.Fab) (width 0.1))
    (fp_line (start -0.8 0.4125) (end -0.8 -0.4125) (layer F.Fab) (width 0.1))
    (fp_text user %R (at 0 0) (layer F.Fab)
      (effects (font (size 0.4 0.4) (thickness 0.06)))
    )
    (pad 1 smd roundrect (at -0.9125 0 180) (size 0.975 0.95) (layers F.Cu F.Paste F.Mask) (roundrect_rratio 0.25))
    (pad 2 smd roundrect (at 0.9125 0 180) (size 0.975 0.95) (layers F.Cu F.Paste F.Mask) (roundrect_rratio 0.25))
    (model ${KISYS3DMOD}/Resistor_SMD.3dshapes/R_0603_1608Metric.wrl
      (at (xyz 0 0 0))
      (scale (xyz 1 1 1))
      (rotate (xyz 0 0 0))
    )
  )

  (module Resistor_SMD:R_0603_1608Metric_Pad0.98x0.95mm_HandSolder (layer F.Cu) (tedit 5F68FEEE) (tstamp 615F2DCC)
    (at 111.1 157.5 180)
    (descr "Resistor SMD 0603 (1608 Metric), square (rectangular) end terminal, IPC_7351 nominal with elongated pad for handsoldering. (Body size source: IPC-SM-782 page 72, https://www.pcb-3d.com/wordpress/wp-content/uploads/ipc-sm-782a_amendment_1_and_2.pdf), generated with kicad-footprint-generator")
    (tags "resistor handsolder")
    (path /615F7E87)
    (attr smd)
    (fp_text reference R3 (at 0 -1.43) (layer F.SilkS) hide
      (effects (font (size 1 1) (thickness 0.15)))
    )
    (fp_text value 330 (at 0 1.43) (layer F.Fab)
      (effects (font (size 1 1) (thickness 0.15)))
    )
    (fp_line (start 1.65 0.73) (end -1.65 0.73) (layer F.CrtYd) (width 0.05))
    (fp_line (start 1.65 -0.73) (end 1.65 0.73) (layer F.CrtYd) (width 0.05))
    (fp_line (start -1.65 -0.73) (end 1.65 -0.73) (layer F.CrtYd) (width 0.05))
    (fp_line (start -1.65 0.73) (end -1.65 -0.73) (layer F.CrtYd) (width 0.05))
    (fp_line (start -0.254724 0.5225) (end 0.254724 0.5225) (layer F.SilkS) (width 0.12))
    (fp_line (start -0.254724 -0.5225) (end 0.254724 -0.5225) (layer F.SilkS) (width 0.12))
    (fp_line (start 0.8 0.4125) (end -0.8 0.4125) (layer F.Fab) (width 0.1))
    (fp_line (start 0.8 -0.4125) (end 0.8 0.4125) (layer F.Fab) (width 0.1))
    (fp_line (start -0.8 -0.4125) (end 0.8 -0.4125) (layer F.Fab) (width 0.1))
    (fp_line (start -0.8 0.4125) (end -0.8 -0.4125) (layer F.Fab) (width 0.1))
    (fp_text user %R (at 0 0) (layer F.Fab)
      (effects (font (size 0.4 0.4) (thickness 0.06)))
    )
    (pad 1 smd roundrect (at -0.9125 0 180) (size 0.975 0.95) (layers F.Cu F.Paste F.Mask) (roundrect_rratio 0.25))
    (pad 2 smd roundrect (at 0.9125 0 180) (size 0.975 0.95) (layers F.Cu F.Paste F.Mask) (roundrect_rratio 0.25))
    (model ${KISYS3DMOD}/Resistor_SMD.3dshapes/R_0603_1608Metric.wrl
      (at (xyz 0 0 0))
      (scale (xyz 1 1 1))
      (rotate (xyz 0 0 0))
    )
  )

  (module Connector_PinHeader_2.54mm:PinHeader_1x03_P2.54mm_Vertical (layer F.Cu) (tedit 59FED5CC) (tstamp 615F2EA7)
    (at 95.7 156 180)
    (descr "Through hole straight pin header, 1x03, 2.54mm pitch, single row")
    (tags "Through hole pin header THT 1x03 2.54mm single row")
    (path /615F7EB3)
    (fp_text reference J2 (at 0 -2.33) (layer F.SilkS) hide
      (effects (font (size 1 1) (thickness 0.15)))
    )
    (fp_text value Conn_01x03 (at 0 7.41) (layer F.Fab)
      (effects (font (size 1 1) (thickness 0.15)))
    )
    (fp_line (start 1.8 -1.8) (end -1.8 -1.8) (layer F.CrtYd) (width 0.05))
    (fp_line (start 1.8 6.85) (end 1.8 -1.8) (layer F.CrtYd) (width 0.05))
    (fp_line (start -1.8 6.85) (end 1.8 6.85) (layer F.CrtYd) (width 0.05))
    (fp_line (start -1.8 -1.8) (end -1.8 6.85) (layer F.CrtYd) (width 0.05))
    (fp_line (start -1.33 -1.33) (end 0 -1.33) (layer F.SilkS) (width 0.12))
    (fp_line (start -1.33 0) (end -1.33 -1.33) (layer F.SilkS) (width 0.12))
    (fp_line (start -1.33 1.27) (end 1.33 1.27) (layer F.SilkS) (width 0.12))
    (fp_line (start 1.33 1.27) (end 1.33 6.41) (layer F.SilkS) (width 0.12))
    (fp_line (start -1.33 1.27) (end -1.33 6.41) (layer F.SilkS) (width 0.12))
    (fp_line (start -1.33 6.41) (end 1.33 6.41) (layer F.SilkS) (width 0.12))
    (fp_line (start -1.27 -0.635) (end -0.635 -1.27) (layer F.Fab) (width 0.1))
    (fp_line (start -1.27 6.35) (end -1.27 -0.635) (layer F.Fab) (width 0.1))
    (fp_line (start 1.27 6.35) (end -1.27 6.35) (layer F.Fab) (width 0.1))
    (fp_line (start 1.27 -1.27) (end 1.27 6.35) (layer F.Fab) (width 0.1))
    (fp_line (start -0.635 -1.27) (end 1.27 -1.27) (layer F.Fab) (width 0.1))
    (fp_text user %R (at 0 2.54 90) (layer F.Fab)
      (effects (font (size 1 1) (thickness 0.15)))
    )
    (pad 1 thru_hole rect (at 0 0 180) (size 1.7 1.7) (drill 1) (layers *.Cu *.Mask))
    (pad 2 thru_hole oval (at 0 2.54 180) (size 1.7 1.7) (drill 1) (layers *.Cu *.Mask))
    (pad 3 thru_hole oval (at 0 5.08 180) (size 1.7 1.7) (drill 1) (layers *.Cu *.Mask))
    (model ${KISYS3DMOD}/Connector_PinHeader_2.54mm.3dshapes/PinHeader_1x03_P2.54mm_Vertical.wrl
      (at (xyz 0 0 0))
      (scale (xyz 1 1 1))
      (rotate (xyz 0 0 0))
    )
  )

  (module KSI_rotator_endstop:Vishay-TCST2300 (layer F.Cu) (tedit 615F0AAF) (tstamp 615F2E63)
    (at 109.7 153.5 180)
    (path /615F7E81)
    (fp_text reference U2 (at -11.675 -4.225) (layer F.SilkS) hide
      (effects (font (size 1 1) (thickness 0.15)) (justify right))
    )
    (fp_text value TCST2103 (at 0 0) (layer F.SilkS) hide
      (effects (font (size 1.27 1.27) (thickness 0.15)))
    )
    (fp_circle (center -3.924999 -4) (end -3.799999 -4) (layer F.SilkS) (width 0.25))
    (fp_line (start 12.3 3.175) (end -12.3 3.175) (layer F.SilkS) (width 0.15))
    (fp_line (start 12.3 -3.175) (end 12.3 3.175) (layer F.SilkS) (width 0.15))
    (fp_line (start -12.3 -3.175) (end 12.3 -3.175) (layer F.SilkS) (width 0.15))
    (fp_line (start -12.3 3.175) (end -12.3 -3.175) (layer F.SilkS) (width 0.15))
    (fp_line (start 12.325 3.2) (end 12.325 -3.2) (layer F.CrtYd) (width 0.15))
    (fp_line (start -12.325 3.2) (end 12.325 3.2) (layer F.CrtYd) (width 0.15))
    (fp_line (start -12.325 -3.2) (end -12.325 3.2) (layer F.CrtYd) (width 0.15))
    (fp_line (start 12.325 -3.2) (end -12.325 -3.2) (layer F.CrtYd) (width 0.15))
    (fp_line (start 12.325 -3.2) (end 12.325 -3.2) (layer F.CrtYd) (width 0.15))
    (fp_line (start 12.3 3.175) (end -12.3 3.175) (layer F.Fab) (width 0.15))
    (fp_line (start 12.3 -3.175) (end 12.3 3.175) (layer F.Fab) (width 0.15))
    (fp_line (start -12.3 -3.175) (end 12.3 -3.175) (layer F.Fab) (width 0.15))
    (fp_line (start -12.3 3.175) (end -12.3 -3.175) (layer F.Fab) (width 0.15))
    (pad 1 thru_hole rect (at -3.8 -1.27 180) (size 1.3 1.3) (drill 0.8) (layers *.Cu *.Mask))
    (pad 3 thru_hole circle (at -3.8 1.27 180) (size 1.3 1.3) (drill 0.8) (layers *.Cu *.Mask))
    (pad 2 thru_hole circle (at 3.8 -1.27 180) (size 1.3 1.3) (drill 0.8) (layers *.Cu *.Mask))
    (pad 4 thru_hole circle (at 3.8 1.27 180) (size 1.3 1.3) (drill 0.8) (layers *.Cu *.Mask))
    (pad ~ np_thru_hole circle (at -9.5 0 180) (size 3.3 3.3) (drill 3.3) (layers *.Cu *.Mask))
    (pad ~ np_thru_hole circle (at 9.5 0 180) (size 3.3 3.3) (drill 3.3) (layers *.Cu *.Mask))
    (model ${KIPRJMOD}/libs/Vishay_-_TCST2103.step
      (at (xyz 0 0 0))
      (scale (xyz 1 1 1))
      (rotate (xyz 0 0 0))
    )
  )

  (module Connector_PinHeader_2.54mm:PinHeader_1x03_P2.54mm_Vertical (layer F.Cu) (tedit 59FED5CC) (tstamp 615F2F19)
    (at 152.2 138)
    (descr "Through hole straight pin header, 1x03, 2.54mm pitch, single row")
    (tags "Through hole pin header THT 1x03 2.54mm single row")
    (path /61AD37E3)
    (fp_text reference J1 (at 0 -2.33) (layer F.SilkS) hide
      (effects (font (size 1 1) (thickness 0.15)))
    )
    (fp_text value Conn_01x03 (at 0 7.41) (layer F.Fab)
      (effects (font (size 1 1) (thickness 0.15)))
    )
    (fp_line (start -0.635 -1.27) (end 1.27 -1.27) (layer F.Fab) (width 0.1))
    (fp_line (start 1.27 -1.27) (end 1.27 6.35) (layer F.Fab) (width 0.1))
    (fp_line (start 1.27 6.35) (end -1.27 6.35) (layer F.Fab) (width 0.1))
    (fp_line (start -1.27 6.35) (end -1.27 -0.635) (layer F.Fab) (width 0.1))
    (fp_line (start -1.27 -0.635) (end -0.635 -1.27) (layer F.Fab) (width 0.1))
    (fp_line (start -1.33 6.41) (end 1.33 6.41) (layer F.SilkS) (width 0.12))
    (fp_line (start -1.33 1.27) (end -1.33 6.41) (layer F.SilkS) (width 0.12))
    (fp_line (start 1.33 1.27) (end 1.33 6.41) (layer F.SilkS) (width 0.12))
    (fp_line (start -1.33 1.27) (end 1.33 1.27) (layer F.SilkS) (width 0.12))
    (fp_line (start -1.33 0) (end -1.33 -1.33) (layer F.SilkS) (width 0.12))
    (fp_line (start -1.33 -1.33) (end 0 -1.33) (layer F.SilkS) (width 0.12))
    (fp_line (start -1.8 -1.8) (end -1.8 6.85) (layer F.CrtYd) (width 0.05))
    (fp_line (start -1.8 6.85) (end 1.8 6.85) (layer F.CrtYd) (width 0.05))
    (fp_line (start 1.8 6.85) (end 1.8 -1.8) (layer F.CrtYd) (width 0.05))
    (fp_line (start 1.8 -1.8) (end -1.8 -1.8) (layer F.CrtYd) (width 0.05))
    (fp_text user %R (at 0 2.54 90) (layer F.Fab)
      (effects (font (size 1 1) (thickness 0.15)))
    )
    (pad 1 thru_hole rect (at 0 0) (size 1.7 1.7) (drill 1) (layers *.Cu *.Mask))
    (pad 2 thru_hole oval (at 0 2.54) (size 1.7 1.7) (drill 1) (layers *.Cu *.Mask))
    (pad 3 thru_hole oval (at 0 5.08) (size 1.7 1.7) (drill 1) (layers *.Cu *.Mask))
    (model ${KISYS3DMOD}/Connector_PinHeader_2.54mm.3dshapes/PinHeader_1x03_P2.54mm_Vertical.wrl
      (at (xyz 0 0 0))
      (scale (xyz 1 1 1))
      (rotate (xyz 0 0 0))
    )
  )

  (module Resistor_SMD:R_0603_1608Metric_Pad0.98x0.95mm_HandSolder (layer F.Cu) (tedit 5F68FEEE) (tstamp 615F2E2C)
    (at 136.8 136.5)
    (descr "Resistor SMD 0603 (1608 Metric), square (rectangular) end terminal, IPC_7351 nominal with elongated pad for handsoldering. (Body size source: IPC-SM-782 page 72, https://www.pcb-3d.com/wordpress/wp-content/uploads/ipc-sm-782a_amendment_1_and_2.pdf), generated with kicad-footprint-generator")
    (tags "resistor handsolder")
    (path /61AC88F6)
    (attr smd)
    (fp_text reference R1 (at 0 -1.43) (layer F.SilkS) hide
      (effects (font (size 1 1) (thickness 0.15)))
    )
    (fp_text value 330 (at 0 1.43) (layer F.Fab)
      (effects (font (size 1 1) (thickness 0.15)))
    )
    (fp_line (start -0.8 0.4125) (end -0.8 -0.4125) (layer F.Fab) (width 0.1))
    (fp_line (start -0.8 -0.4125) (end 0.8 -0.4125) (layer F.Fab) (width 0.1))
    (fp_line (start 0.8 -0.4125) (end 0.8 0.4125) (layer F.Fab) (width 0.1))
    (fp_line (start 0.8 0.4125) (end -0.8 0.4125) (layer F.Fab) (width 0.1))
    (fp_line (start -0.254724 -0.5225) (end 0.254724 -0.5225) (layer F.SilkS) (width 0.12))
    (fp_line (start -0.254724 0.5225) (end 0.254724 0.5225) (layer F.SilkS) (width 0.12))
    (fp_line (start -1.65 0.73) (end -1.65 -0.73) (layer F.CrtYd) (width 0.05))
    (fp_line (start -1.65 -0.73) (end 1.65 -0.73) (layer F.CrtYd) (width 0.05))
    (fp_line (start 1.65 -0.73) (end 1.65 0.73) (layer F.CrtYd) (width 0.05))
    (fp_line (start 1.65 0.73) (end -1.65 0.73) (layer F.CrtYd) (width 0.05))
    (fp_text user %R (at 0 0) (layer F.Fab)
      (effects (font (size 0.4 0.4) (thickness 0.06)))
    )
    (pad 1 smd roundrect (at -0.9125 0) (size 0.975 0.95) (layers F.Cu F.Paste F.Mask) (roundrect_rratio 0.25))
    (pad 2 smd roundrect (at 0.9125 0) (size 0.975 0.95) (layers F.Cu F.Paste F.Mask) (roundrect_rratio 0.25))
    (model ${KISYS3DMOD}/Resistor_SMD.3dshapes/R_0603_1608Metric.wrl
      (at (xyz 0 0 0))
      (scale (xyz 1 1 1))
      (rotate (xyz 0 0 0))
    )
  )

  (module Resistor_SMD:R_0603_1608Metric_Pad0.98x0.95mm_HandSolder (layer F.Cu) (tedit 5F68FEEE) (tstamp 615F3081)
    (at 146.5 144.5)
    (descr "Resistor SMD 0603 (1608 Metric), square (rectangular) end terminal, IPC_7351 nominal with elongated pad for handsoldering. (Body size source: IPC-SM-782 page 72, https://www.pcb-3d.com/wordpress/wp-content/uploads/ipc-sm-782a_amendment_1_and_2.pdf), generated with kicad-footprint-generator")
    (tags "resistor handsolder")
    (path /61ACD0CF)
    (attr smd)
    (fp_text reference R2 (at 0 -1.43) (layer F.SilkS) hide
      (effects (font (size 1 1) (thickness 0.15)))
    )
    (fp_text value 10k (at 0 1.43) (layer F.Fab)
      (effects (font (size 1 1) (thickness 0.15)))
    )
    (fp_line (start -0.8 0.4125) (end -0.8 -0.4125) (layer F.Fab) (width 0.1))
    (fp_line (start -0.8 -0.4125) (end 0.8 -0.4125) (layer F.Fab) (width 0.1))
    (fp_line (start 0.8 -0.4125) (end 0.8 0.4125) (layer F.Fab) (width 0.1))
    (fp_line (start 0.8 0.4125) (end -0.8 0.4125) (layer F.Fab) (width 0.1))
    (fp_line (start -0.254724 -0.5225) (end 0.254724 -0.5225) (layer F.SilkS) (width 0.12))
    (fp_line (start -0.254724 0.5225) (end 0.254724 0.5225) (layer F.SilkS) (width 0.12))
    (fp_line (start -1.65 0.73) (end -1.65 -0.73) (layer F.CrtYd) (width 0.05))
    (fp_line (start -1.65 -0.73) (end 1.65 -0.73) (layer F.CrtYd) (width 0.05))
    (fp_line (start 1.65 -0.73) (end 1.65 0.73) (layer F.CrtYd) (width 0.05))
    (fp_line (start 1.65 0.73) (end -1.65 0.73) (layer F.CrtYd) (width 0.05))
    (fp_text user %R (at 0 0) (layer F.Fab)
      (effects (font (size 0.4 0.4) (thickness 0.06)))
    )
    (pad 1 smd roundrect (at -0.9125 0) (size 0.975 0.95) (layers F.Cu F.Paste F.Mask) (roundrect_rratio 0.25))
    (pad 2 smd roundrect (at 0.9125 0) (size 0.975 0.95) (layers F.Cu F.Paste F.Mask) (roundrect_rratio 0.25))
    (model ${KISYS3DMOD}/Resistor_SMD.3dshapes/R_0603_1608Metric.wrl
      (at (xyz 0 0 0))
      (scale (xyz 1 1 1))
      (rotate (xyz 0 0 0))
    )
  )

  (module KSI_rotator_endstop:Vishay-TCST2300 (layer F.Cu) (tedit 5EF21735) (tstamp 615F3043)
    (at 138.2 140.5)
    (path /61AC5883)
    (fp_text reference U1 (at -11.675 -4.225) (layer F.SilkS) hide
      (effects (font (size 1 1) (thickness 0.15)) (justify left))
    )
    (fp_text value TCST2103 (at 0 0) (layer F.SilkS) hide
      (effects (font (size 1.27 1.27) (thickness 0.15)))
    )
    (fp_line (start -12.3 3.175) (end -12.3 -3.175) (layer F.Fab) (width 0.15))
    (fp_line (start -12.3 -3.175) (end 12.3 -3.175) (layer F.Fab) (width 0.15))
    (fp_line (start 12.3 -3.175) (end 12.3 3.175) (layer F.Fab) (width 0.15))
    (fp_line (start 12.3 3.175) (end -12.3 3.175) (layer F.Fab) (width 0.15))
    (fp_line (start 12.325 -3.2) (end 12.325 -3.2) (layer F.CrtYd) (width 0.15))
    (fp_line (start 12.325 -3.2) (end -12.325 -3.2) (layer F.CrtYd) (width 0.15))
    (fp_line (start -12.325 -3.2) (end -12.325 3.2) (layer F.CrtYd) (width 0.15))
    (fp_line (start -12.325 3.2) (end 12.325 3.2) (layer F.CrtYd) (width 0.15))
    (fp_line (start 12.325 3.2) (end 12.325 -3.2) (layer F.CrtYd) (width 0.15))
    (fp_line (start -12.3 3.175) (end -12.3 -3.175) (layer F.SilkS) (width 0.15))
    (fp_line (start -12.3 -3.175) (end 12.3 -3.175) (layer F.SilkS) (width 0.15))
    (fp_line (start 12.3 -3.175) (end 12.3 3.175) (layer F.SilkS) (width 0.15))
    (fp_line (start 12.3 3.175) (end -12.3 3.175) (layer F.SilkS) (width 0.15))
    (fp_circle (center -3.924999 -4) (end -3.799999 -4) (layer F.SilkS) (width 0.25))
    (pad 1 thru_hole rect (at -3.8 -1.27) (size 1.3 1.3) (drill 0.8) (layers *.Cu))
    (pad 3 thru_hole circle (at -3.8 1.27) (size 1.3 1.3) (drill 0.8) (layers *.Cu))
    (pad 2 thru_hole circle (at 3.8 -1.27) (size 1.3 1.3) (drill 0.8) (layers *.Cu))
    (pad 4 thru_hole circle (at 3.8 1.27) (size 1.3 1.3) (drill 0.8) (layers *.Cu))
    (pad ~ np_thru_hole circle (at -9.5 0) (size 3.3 3.3) (drill 3.3) (layers *.Cu *.Mask))
    (pad ~ np_thru_hole circle (at 9.5 0) (size 3.3 3.3) (drill 3.3) (layers *.Cu *.Mask))
    (model ${KIPRJMOD}/libs/Vishay_-_TCST2103.step
      (at (xyz 0 0 0))
      (scale (xyz 1 1 1))
      (rotate (xyz 0 0 0))
    )
  )

  (module Resistor_SMD:R_0603_1608Metric_Pad0.98x0.95mm_HandSolder (layer F.Cu) (tedit 5F68FEEE) (tstamp 615F300C)
    (at 101.5 136.5 180)
    (descr "Resistor SMD 0603 (1608 Metric), square (rectangular) end terminal, IPC_7351 nominal with elongated pad for handsoldering. (Body size source: IPC-SM-782 page 72, https://www.pcb-3d.com/wordpress/wp-content/uploads/ipc-sm-782a_amendment_1_and_2.pdf), generated with kicad-footprint-generator")
    (tags "resistor handsolder")
    (path /615F7E9F)
    (attr smd)
    (fp_text reference R4 (at 0 -1.43) (layer F.SilkS) hide
      (effects (font (size 1 1) (thickness 0.15)))
    )
    (fp_text value 10k (at 0 1.43) (layer F.Fab)
      (effects (font (size 1 1) (thickness 0.15)))
    )
    (fp_line (start 1.65 0.73) (end -1.65 0.73) (layer F.CrtYd) (width 0.05))
    (fp_line (start 1.65 -0.73) (end 1.65 0.73) (layer F.CrtYd) (width 0.05))
    (fp_line (start -1.65 -0.73) (end 1.65 -0.73) (layer F.CrtYd) (width 0.05))
    (fp_line (start -1.65 0.73) (end -1.65 -0.73) (layer F.CrtYd) (width 0.05))
    (fp_line (start -0.254724 0.5225) (end 0.254724 0.5225) (layer F.SilkS) (width 0.12))
    (fp_line (start -0.254724 -0.5225) (end 0.254724 -0.5225) (layer F.SilkS) (width 0.12))
    (fp_line (start 0.8 0.4125) (end -0.8 0.4125) (layer F.Fab) (width 0.1))
    (fp_line (start 0.8 -0.4125) (end 0.8 0.4125) (layer F.Fab) (width 0.1))
    (fp_line (start -0.8 -0.4125) (end 0.8 -0.4125) (layer F.Fab) (width 0.1))
    (fp_line (start -0.8 0.4125) (end -0.8 -0.4125) (layer F.Fab) (width 0.1))
    (fp_text user %R (at 0 0) (layer F.Fab)
      (effects (font (size 0.4 0.4) (thickness 0.06)))
    )
    (pad 1 smd roundrect (at -0.9125 0 180) (size 0.975 0.95) (layers F.Cu F.Paste F.Mask) (roundrect_rratio 0.25))
    (pad 2 smd roundrect (at 0.9125 0 180) (size 0.975 0.95) (layers F.Cu F.Paste F.Mask) (roundrect_rratio 0.25))
    (model ${KISYS3DMOD}/Resistor_SMD.3dshapes/R_0603_1608Metric.wrl
      (at (xyz 0 0 0))
      (scale (xyz 1 1 1))
      (rotate (xyz 0 0 0))
    )
  )

  (module Resistor_SMD:R_0603_1608Metric_Pad0.98x0.95mm_HandSolder (layer F.Cu) (tedit 5F68FEEE) (tstamp 615F2EE3)
    (at 111.1 144.5 180)
    (descr "Resistor SMD 0603 (1608 Metric), square (rectangular) end terminal, IPC_7351 nominal with elongated pad for handsoldering. (Body size source: IPC-SM-782 page 72, https://www.pcb-3d.com/wordpress/wp-content/uploads/ipc-sm-782a_amendment_1_and_2.pdf), generated with kicad-footprint-generator")
    (tags "resistor handsolder")
    (path /615F7E87)
    (attr smd)
    (fp_text reference R3 (at 0 -1.43) (layer F.SilkS) hide
      (effects (font (size 1 1) (thickness 0.15)))
    )
    (fp_text value 330 (at 0 1.43) (layer F.Fab)
      (effects (font (size 1 1) (thickness 0.15)))
    )
    (fp_line (start 1.65 0.73) (end -1.65 0.73) (layer F.CrtYd) (width 0.05))
    (fp_line (start 1.65 -0.73) (end 1.65 0.73) (layer F.CrtYd) (width 0.05))
    (fp_line (start -1.65 -0.73) (end 1.65 -0.73) (layer F.CrtYd) (width 0.05))
    (fp_line (start -1.65 0.73) (end -1.65 -0.73) (layer F.CrtYd) (width 0.05))
    (fp_line (start -0.254724 0.5225) (end 0.254724 0.5225) (layer F.SilkS) (width 0.12))
    (fp_line (start -0.254724 -0.5225) (end 0.254724 -0.5225) (layer F.SilkS) (width 0.12))
    (fp_line (start 0.8 0.4125) (end -0.8 0.4125) (layer F.Fab) (width 0.1))
    (fp_line (start 0.8 -0.4125) (end 0.8 0.4125) (layer F.Fab) (width 0.1))
    (fp_line (start -0.8 -0.4125) (end 0.8 -0.4125) (layer F.Fab) (width 0.1))
